781
505
540
290
345
946
461
189
555
692
259
061
286
721
787
043
966
598
030
490
485
329
081
536
877
018
653
789
126
637
456
749
321
937
803
565
878
621
387
936
760
622
419
662
046
945
738
627
218
211
082
481
316
896
991
559
392
011
656
058
193
094
163
557
127
645
792
993
196
649
964
719
121
700
562
842
768
084
316
898
577
095
501
363
662
552
731
668
397
862
622
152
011
764
809
501
857
200
940
377
899
857
177
135
997
474
757
354
625
114
943
144
881
732
387
730
360
464
121
755
813
991
483
879
702
325
887
198
130
656
156
707
609
332
589
386
127
881
557
001
786
759
458
064
856
956
917
180
504
208
734
957
378
028
936
843
664
181
771
213
344
082
006
775
769
404
177
277
349
018
981
477
607
460
890
729
685
705
578
582
516
255
223
741
538
506
787
006
101
977
097
467
066
426
157
458
411
674
255
552
056
814
750
241
935
188
225
727
223
649
701
359
084
124
620
239
101
570
473
254
450
960
554
171
779
324
359
830
845
550
607
410
657
852
341
276
977
060
392
550
790
718
375
106
042
764
587
878
040
125
614
246
060
524
704
353
368
090
003
324
465
201
063
357
199
086
871
109
297
754
356
359
974
157
816
314
594
520
030
531
085
054
343
476
113
490
004
238
475
728
213
986
939
193
433
077
158
796
394
633
872
088
031
474
713
105
707
302
420
532
518
204
340
912
453
268
876
832
198
898
074
975
732
961
875
119
829
709
036
037
213
912
110
710
213
934
696
177
352
255
145
153
440
451
188
415
821
172
879
840
109
375
334
008
992
897
317
163
344
969
304
103
352
208
903
730
675
216
950
368
818
704
166
617
967
826
012
391
206
827
517
111
115
515
827
152
645
422
403
579
873
947
321
612
245
002
422
595
073
031
866
316
460
632
134
943
517
265
925
322
271
280
958
292
858
410
903
144
945
804
593
423
227
402
657
470
869
978
199
159
409
293
027
728
111
691
004
850
583
376
454
465
884
614
981
259
122
555
062
721
663
294
280
799
923
019
743
546
886
765
090
768
512
673
147
593
774
316
876
717
495
456
202
114
156
340
835
690
584
674
513
437
479
156
850
241
509
479
875
287
194
029
350
142
154
773
660
859
537
427
459
560
512
564
805
402
527
897
454
250
246
247
429
646
453
213
073
356
982
577
680
687
986
311
629
921
085
902
210
012
569
685
688
321
291
357
740
790
286
204
180
210
368
415
166
385
680
957
706
684
585
241
465
107
740
637
203
807
007
031
929
189
911
625
337
090
755
716
224
728
008
399
795
412
392
956
146
413
581
555
319
979
307
876
163
107
026
016
615
216
592
611
558
963
657
025
714
534
096
574
199
141
285
077
090
333
402
195
829
079
963
775
446
954
980
538
525
098
109
426
150
096
632
226
027
087
700
414
147
858
527
105
947
535
429
130
000
693
002
491
806
011
208
079
826
779
619
362
550
964
627
601
495
710
224
665
681
217
032
882
606
217
496
717
766
464
865
767
085
764
327
269
258
297
211
671
748
740
497
817
948
832
191
906
839
241
741
170
583
123
199
114
626
608
878
288
505
753
880
734
101
564
665
178
067
409
284
065
700
427
472
909
601
736
879
745
588
215
211
523
913
669
099
825
544
054
000
286
819
513
210
583
343
143
761
877
242
073
385
472
140
409
351
394
540
599
809
320
789
978
511
950
973
644
695
776
576
681
765
109
846
267
808
783
652
048
259
796
568
834
615
606
658
934
501
279
127
574
789
534
044
887
348
679
812
441
932
441
734
386
758
136
212
563
818
755
836
174
100
317
705
344
519
455
304
099
203
423
422
095
910
894
732
301
913
983
633
435
503
384
162
950
339
550
991
254
612
733
257
322
486
068
536
880
261
433
238
844
221
324
965
639
725
370
871
510
807
430
021
904
816
075
487
604
389
203
927
241
219
653
904
435
568
259
465
858
365
746
779
177
497
281
494
057
658
117
082
744
239
961
428
427
705
417
572
394
908
968
815
582
140
477
238
404
987
763
221
690
557
478
365
621
063
218
021
913
425
852
279
973
101
927
637
267
559
363
915
915
711
631
612
763
328
271
535
828
942
166
820
335
065
865
764
704
559
645
657
591
540
437
693
395
088
065
714
140
791
323
011
531
168
151
898
075
557
413
348
108
428
557
343
928
564
912
065
174
460
233
358
265
020
271
141
002
795
825
950
120
006
117
017
792
336
175
680
918
229
983
175
654
972
784
352
130
275
415
104
288
897
819
148
860
385
519
196
079
983
164
294
841
531
756
131
316
044
095
155
743
858
757
324
014
822
147
805
875
593
324
939
085
468
614
913
877
386
417
664
077
544
802
090
593
901
872
559
033
174
707
790
205
554
156
150
146
446
580
090
803
499
795
435
840
280
120
572
284
914
432
496
862
196
452
507
453
288
051
931
724
079
274
867
061
795
864
314
032
951
322
262
912
559
881
025
587
071
062
435
419
341
466
808
463
615
164
942
113
801
152
224
360
449
902
706
131
632
792
124
642
833
519
804
120
820
437
553
977
118
216
735
384
462
772
342
295
265
298
989
025
141
663
011
374
041
002
202
771
583
327
255
208
471
589
317
460
946
405
140
439
373
583
923
123
314
317
654
646
929
714
366
986
971
941
510
776
222
422
146
134
701
664
528
619
875
462
725
844
140
925
022
638
738
449
128
589
228
512
109
125
887
464
214
311
184
135
636
894
912
821
793
111
006
990
399
905
276
313
589
836
263
569
826
975
959
533
428
237
108
402
464
299
659
360
900
302
134
663
930
248
640
558
536
411
961
434
247
824
980
520
679
862
324
044
354
216
521
449
342
008
757
210
025
891
619
521
115
908
262
919
592
672
839
006
408
969
313
971
985
534
327
232
530
497
496
167
235
835
346
216
642
298
370
931
571
118
665
993
993
490
029
001
737
932
845
773
265
438
162
544
816
209
912
544
462
407
395
984
690
281
939
123
939
416
602
021
637
268
802
419
174
295
536
347
358
688
338
869
917
041
635
041
478
693
839
065
235
170
480
793
330
557
686
894
629
886
809
202
187
124
787
700
550
259
856
288
137
289
765
802
525
361
039
298
193
423
444
606
590
498
756
114
720
220
659
240
291
638
095
210
311
123
903
611
738
231
825
996
591
344
111
966
678
259
479
950
703
048
626
790
590
718
027
656
608
546
138
566
706
575
505
604
988
040
292
685
720
452
277
393
359
389
510
503
551
583
694
010
299
119
833
600
420
522
194
423
284
938
575
699
335
054
290
120
476
083
465
286
276
677
183
079
701
379
214
326
090
396
119
359
538
083
853
950
136
903
749
578
255
085
963
761
162
019
162
345
211
146
103
893
384
590
683
122
814
749
235
041
534
210
469
933
533
285
984
057
131
329
132
835
018
749
496
689
825
371
390
677
751
522
938
311
731
865
808
415
571
863
156
923
157
428
796
303
114
060
253
099
118
431
513
024
181
062
542
954
202
692
966
330
247
098
649
569
891
831
316
682
973
722
404
020
929
333
592
763
312
369
999
863
361
698
243
698
688
845
902
165
064
005
859
808
651
325
384
019
213
136
400
766
894
892
966
848
777
693
328
006
470
720
755
730
918
993
252
015
297
501
449
981
666
432
051
696
580
077
607
039
455
097
181
016
760
989
297
253
137
821
655
823
539
723
135
028
976
138
054
575
686
792
258
938
188
471
702
598
723
492
717
816
849
927
450
302
939
830
326
741
445
991
274
903
256
457
163
165
724
493
074
069
808
390
358
986
281
701
554
185
858
011
699
571
815
863
096
546
006
228
105
377
958
050
354
844
832
260
432
808
034
168
244
319
151
221
448
863
396
951
871
279
521
227
239
609
724
958
064
524
261
268
308
561
026
854
039
845
749
290
287
300
828
119
254
872
186
519
642
949
796
737
102
089
826
627
674
068
793
310
144
786
941
214
990
975
600
684
594
710
964
331
397
993
972
819
388
409
639
033
077
508
719
442
200
492
382
599
979
246
400
130
243
893
806
332
861
491
228
243
220
235
613
109
022
170
596
576
116
629
398
755
594
632
387
953
876
081
867
342
339
197
432
621
132
594
737
613
247
882
752
804
192
450
277
429
122
610
828
962
069
040
908
276
545
669
529
774
317
620
229
213
312
408
341
595
070
811
634
226
445
093
204
201
029
215
796
703
113
028
319
698
875
496
288
494
391
970
947
895
091
109
174
409
500
109
802
777
273
910
134
957
263
760
252
814
153
038
249
926
489
217
125
569
037
249
303
423
674
684
019
560
840
318
259
752
817
696
260
851
967
115
172
143
198
749
090
242
542
653
443
018
834
600
338
735
794
102
337
764
689
232
824
649
568
654
596
970
500
911
440
075
609
670
990
319
887
890
511
766
179
752
772
413
939
781
262
641
457
015
979
159
846
370
792
873
050
627
725
190
857
122
185
649
029
796
700
609
460
037
494
251
899
716
851
075
495
013
816
495
699
509
712
185
602
145
831
953
843
826
063
036
556
997
221
000
891
154
400
539
201
494
330
206
171
822
936
898
289
350
707
071
690
257
455
993
990
298
923
341
851
195
153
361
579
324
770
994
530
230
623
772
202
373
349
893
930
709
145
202
809
961
506
027
314
091
743
354
207
956
846
029
793
600
704
777
099
157
427
453
375
996
031
359
859
574
409
043
320
848
744
065
354
436
374
753
012
410
731
029
803
748
861
346
645
626
895
741
886
470
982
674
019
866
284
687
615
140
469
683
768
113
089
765
599
134
599
607
652
396
908
350
768
726
172
607
556
727
906
518
616
805
861
878
013
628
385
976
246
922
444
902
622
421
064
855
561
806
648
363
505
575
910
243
538
998
601
890
351
807
230
984
924
692
305
779
955
996
687
847
154
629
437
116
022
668
120
628
971
803
389
745
059
785
634
338
715
473
863
439
294
326
778
592
744
079
729
574
452
430
397
211
910
070
854
330
036
249
095
634
096
500
622
348
692
741
864
472
864
982
981
266
569
727
974
791
265
291
410
150
721
262
072
050
807
918
030
046
379
948
947
318
930
530
273
792
165
156
529
665
503
728
548
670
916
125
286
091
572
750
289
107
939
839
432
500
389
666
945
196
370
977
672
654
806
457
202
441
764
518
768
960
996
031
589
760
363
130
376
340
154
898
684
890
984
386
287
002
888
855
864
018
077
133
034
723
461
812
979
851
805
220
834
309
950
684
409
448
921
083
021
770
234
158
974
839
785
218
435
756
562
487
149
165
410
724
670
268
192
133
979
107
203
498
390
498
527
829
604
077
409
646
005
255
430
971
202
119
970
134
621
462
998
153
421
463
953
671
442
343
229
063
974
505
215
383
882
662
838
974
475
635
291
671
720
738
477
445
677
511
878
382
055
163
998
639
895
969
328
361
019
409
761
274
726
468
712
423
141
305
648
305
499
806
755
800
774
134
714
337
181
942
846
865
516
522
209
372
809
521
978
773
957
410
515
621
195
979
446
602
699
050
256
544
389
684
814
273
159
297
933
621
841
788
959
991
121
827
735
141
772
379
127
396
164
487
143
024
049
016
084
487
820
384
488
708
866
162
392
307
726
129
396
576
947
355
351
596
700
826
391
840
313
585
573
779
126
006
554
785
706
058
438
172
238
095
282
699
657
550
651
286
006
507
259
091
461
907
281
137
674
933
372
768
006
779
965
758
713
190
697
062
713
363
331
274
218
955
430
263
193
332
078
640
100
133
518
125
617
730
661
946
827
299
634
222
289
545
703
171
869
712
184
796
744
377
061
809
443
288
529
447
054
475
321
586
996
065
762
410
291
136
097
175
828
417
161
495
635
613
899
916
185
657
712
867
246
129
127
127
026
017
411
559
981
340
946
947
169
858
665
289
982
951
798
899
199
811
337
670
723
769
474
003
168
856
083
830
392
135
803
915
966
942
753
350
580
909
604
189
263
837
053
258
662
685
512
682
096
723
648
580
375
082
339
804
391
823
271
625
910
117
319
580
611
693
451
610
480
497
000
197
035
713
827
728
819
561
448
869
164
442
844
391
209
863
507
772
707
475
802
522
888
670
459
342
592
086
266
002
056
309
205
816
195
561
671
054
945
531
439
045
012
727
929
625
454
715
677
585
194
365
820
519
986
386
812
543
834
829
366
738
222
408
345
148
879
035
617
411
223
152
307
016
610
483
828
914
324
709
829
112
178
754
058
171
619
948
024
856
711
968
172
006
325
888
951
476
333
082
328
059
563
041
136
113
882
614
214
802
763
289
465
601
163
204
336
794
706
938
227
857
744
793
362
954
603
788
126
758
769
506
931
107
655
145
986
627
050
359
226
488
163
563
033
722
797
893
979
483
600
647
008
920
469
305
004
399
830
447
400
944
230
483
883
207
606
806
830
408
487
286
993
929
238
376
313
300
766
567
185
535
556
671
631
132
856
994
387
759
257
964
784
601
213
522
331
814
392
122
625
655
008
002
966
424
575
248
102
755
262
827
924
159
336
532
571
037
457
126
074
671
945
076
175
882
157
732
092
241
641
067
257
223
167
347
061
296
644
490
746
867
736
459
753
437
100
776
722
600
616
732
500
825
255
915
088
377
933
183
381
886
855
985
673
404
227
843
375
518
406
843
846
693
846
498
677
228
434
161
414
751
762
979
763
718
855
958
603
915
834
703
975
633
847
002
745
525
131
387
957
698
683
489
286
049
195
620
297
352
407
607
282
235
109
443
684
382
318
201
589
256
360
550
306
598
028
090
765
234
766
665
914
491
344
042
588
211
909
325
819
917
235
118
960
898
770
853
587
148
067
227
463
780
207
612
356
372
379
703
214
427
330
212
869
299
360
586
275
029
650
581
061
298
232
860
030
016
004
941
380
330
730
922
818
415
281
673
564
594
973
087
613
068
438
860
492
366
763
708
977
361
439
002
071
112
250
521
399
666
364
604
728
237
760
363
689
262
462
702
353
328
548
968
460
705
018
864
544
897
544
399
822
071
087
128
249
690
436
545
633
039
633
362
440
992
870
582
011
175
373
390
090
018
012
365
283
613
887
165
318
634
598
946
971
046
311
228
119
692
583
758
813
373
621
915
714
271
792
858
975
281
924
234
067
648
094
118
462
748
031
957
918
459
245
438
555
102
642
130
210
472
267
657
846
526
541
417
962
357
430
282
008
133
425
143
397
676
461
725
780
830
847
801
876
694
654
614
537
639
291
634
657
524
946
454
283
503
764
406
964
615
083
335
227
782
094
329
469
850
240
859
080
644
981
951
810
977
743
997
478
892
895
849
438
232
453
987
028
508
072
524
096
158
431
781
249
374
446
941
628
189
132
555
250
899
016
562
632
685
883
255
640
263
765
715
504
971
409
551
997
192
113
251
315
887
876
321
008
624
651
044
789
755
474
396
650
412
175
534
184
396
653
329
227
279
291
814
198
355
983
043
775
514
932
464
497
838
620
395
522
931
304
758
695
891
049
043
537
119
144
952
501
307
907
916
177
015
753
587
129
192
545
151
545
628
914
231
296
111
106
658
799
643
447
816
498
553
300
228
878
774
876
085
591
684
151
113
958
499
085
368
698
521
257
605
382
689
838
802
901
260
860
976
305
450
483
241
200
692
044
914
614
508
622
780
015
993
911
296
368
974
823
088
366
949
017
831
372
702
640
757
605
081
860
951
803
438
799
922
935
544
609
478
643
815
855
873
521
068
471
384
584
807
376
185
195
518
954
729
692
756
734
894
115
714
486
299
449
925
523
220
561
980
895
860
048
234
621
498
460
341
296
351
013
701
981
926
111
915
316
805
645
900
048
133
423
762
666
503
968
687
716
526
405
005
080
007
443
001
683
274
998
636
846
016
882
339
971
448
886
239
486
899
699
385
196
464
654
080
187
772
034
429
407
139
340
355
114
464
168
520
522
007
865
105
745
024
707
360
112
548
227
174
794
438
990
974
369
946
611
651
071
761
469
515
841
930
903
619
014
556
180
742
197
267
940
698
245
979
195
221
899
551
861
585
729
361
457
889
656
645
429
020
000
812
316
059
382
567
011
394
527
060
083
664
328
292
548
097
326
326
272
820
984
188
104
584
693
463
938
378
553
699
120
657
221
464
622
384
251
530
701
590
176
703
463
931
328
523
633
627
072
759
905
078
188
426
717
779
885
373
422
476
331
297
273
999
781
850
340
992
983
809
618
108
256
424
002
056
765
217
797
636
001
164
454
055
883
120
771
006
914
409
844
349
430
567
629
951
694
809
267
390
918
199
593
552
187
239
124
970
051
308
655
026
206
900
573
113
772
277
164
207
607
155
903
826
606
693
351
469
749
373
154
635
691
290
135
086
438
947
953
198
192
064
022
293
243
233
057
744
135
288
520
226
910
464
914
629
914
711
409
703
221
636
192
476
936
482
465
489
251
330
498
216
152
543
889
149
039
279
259
555
244
847
500
807
374
517
706
712
163
942
956
340
788
134
045
704
042
762
009
241
838
674
831
087
492
648
887
297
923
649
939
036
740
620
546
555
354
125
565
796
322
956
242
150
843
513
082
857
966
833
749
240
662
510
098
652
411
443
750
248
242
098
318
303
984
782
195
918
605
585
082
408
677
342
021
636
214
786
107
844
585
597
654
053
053
466
017
242
858
443
801
976
148
085
918
507
646
007
219
710
264
196
858
522
175
036
021
466
910
613
405
527
178
306
341
267
876
892
032
099
684
522
370
729
202
726
648
434
465
556
671
540
482
258
929
904
881
314
770
859
741
574
772
904
120
128
075
115
970
694
359
130
619
173
027
846
061
727
061
389
262
709
583
902
485
371
015
253
458
044
336
962
588
268
981
241
837
581
019
593
529
730
660
379
934
466
826
145
415
962
827
344
749
473
412
123
921
959
277
579
981
051
505
495
439
258
087
078
481
368
656
887
788
794
487
007
408
890
324
221
170
437
497
049
510
614
429
371
373
981
611
254
186
382
000
170
132
286
329
668
669
051
923
401
243
138
325
021
290
005
734
681
872
442
209
592
350
756
641
207
353
588
620
589
690
301
917
827
539
908
797
062
507
113
974
158
509
291
311
901
927
352
008
943
942
006
551
764
616
189
386
460
270
872
374
372
895
